{
 "cells": [
  {
   "cell_type": "markdown",
   "metadata": {},
   "source": [
    "### Thinking1\n",
    "高德地图中的路径规划原理是怎样的？"
   ]
  },
  {
   "cell_type": "markdown",
   "metadata": {},
   "source": [
    "### Thinking2\n",
    "football.gml数据集中，美国大学生足球联赛，包括115支球队，被分为12个联盟。为什么使用LPA标签传播进行社区发现，只发现了11个社区？"
   ]
  },
  {
   "cell_type": "markdown",
   "metadata": {},
   "source": [
    "### Thinking3\n",
    "微博采用了类似FaceBook的EdgeRank算法，如果你给微博的信息流做设计，你会如何设计？"
   ]
  },
  {
   "cell_type": "markdown",
   "metadata": {},
   "source": [
    "### Action1\n",
    "使用Python模拟下面的PageRank计算过程，求每个节点的影响力（迭代100次）"
   ]
  },
  {
   "cell_type": "markdown",
   "metadata": {},
   "source": [
    "![action1](./1.png)"
   ]
  },
  {
   "cell_type": "markdown",
   "metadata": {},
   "source": [
    "#### 简化模型"
   ]
  },
  {
   "cell_type": "code",
   "execution_count": 54,
   "metadata": {},
   "outputs": [],
   "source": [
    "import numpy as np\n",
    "\n",
    "# 转移矩阵\n",
    "a = np.array([[0, 0, 0, 1/3, 0, 0],\n",
    "             [1/4, 0, 0, 0, 1/2, 0],\n",
    "             [0, 1, 0, 1/3, 1/2, 0],\n",
    "             [1/4, 0, 0, 0, 0, 1],\n",
    "             [1/4, 0, 1, 1/3, 0, 0],\n",
    "             [1/4, 0, 0, 0, 0, 0]])\n",
    "\n",
    "# 初始化权重\n",
    "b = np.array([1/6, 1/6, 1/6, 1/6, 1/6, 1/6])"
   ]
  },
  {
   "cell_type": "code",
   "execution_count": 95,
   "metadata": {},
   "outputs": [
    {
     "name": "stdout",
     "output_type": "stream",
     "text": [
      "[0.05555556 0.125      0.30555556 0.20833333 0.26388889 0.04166667]\n",
      "[0.06944444 0.14583333 0.32638889 0.05555556 0.38888889 0.01388889]\n",
      "[0.01851852 0.21180556 0.3587963  0.03125    0.36226852 0.01736111]\n",
      "[0.01041667 0.18576389 0.40335648 0.02199074 0.37384259 0.00462963]\n",
      "[0.00733025 0.18952546 0.38001543 0.0072338  0.4132909  0.00260417]\n",
      "[0.00241127 0.20847801 0.39858218 0.00443673 0.38425926 0.00183256]\n",
      "[0.00147891 0.19273245 0.40208655 0.00243538 0.4006639  0.00060282]\n",
      "[8.11792695e-04 2.00701678e-01 3.93876190e-01 9.72543724e-04\n",
      " 4.03268068e-01 3.69727366e-04]\n",
      "[3.24181241e-04 2.01836982e-01 4.02659894e-01 5.72675540e-04\n",
      " 3.94403319e-01 2.02948174e-04]\n",
      "[1.90891847e-04 1.97282705e-01 3.99229534e-01 2.83993484e-04\n",
      " 4.02931831e-01 8.10453104e-05]\n",
      "[9.46644947e-05 2.01513638e-01 3.98843285e-01 1.28768272e-04\n",
      " 3.99371921e-01 4.77229617e-05]\n",
      "[4.29227573e-05 1.99709627e-01 4.01242522e-01 7.13890854e-05\n",
      " 3.98909874e-01 2.36661237e-05]\n",
      "[2.37963618e-05 1.99465667e-01 3.99188360e-01 3.43968130e-05\n",
      " 4.01277049e-01 1.07306893e-05]\n",
      "[1.14656043e-05 2.00644473e-01 4.00115657e-01 1.66797798e-05\n",
      " 3.99205775e-01 5.94909045e-06]\n",
      "[5.55992659e-06 1.99605754e-01 4.00252921e-01 8.81549153e-06\n",
      " 4.00124084e-01 2.86640109e-06]\n",
      "[2.93849718e-06 2.00063432e-01 3.99670734e-01 4.25638273e-06\n",
      " 4.00257249e-01 1.38998165e-06]\n",
      "[1.41879424e-06 2.00129359e-01 4.00193475e-01 2.12460594e-06\n",
      " 3.99672888e-01 7.34624294e-07]\n",
      "[7.08201981e-07 1.99836798e-01 3.99966511e-01 1.08932286e-06\n",
      " 4.00194538e-01 3.54698561e-07]\n",
      "[3.63107618e-07 2.00097446e-01 3.99934431e-01 5.31749056e-07\n",
      " 3.99967051e-01 1.77050495e-07]\n",
      "[1.77249685e-07 1.99983616e-01 4.00081149e-01 2.67827400e-07\n",
      " 3.99934699e-01 9.07769046e-08]\n",
      "[8.92758000e-08 1.99967394e-01 3.99951055e-01 1.35089326e-07\n",
      " 4.00081283e-01 4.43124214e-08]\n",
      "[4.50297753e-08 2.00040664e-01 4.00008080e-01 6.66313714e-08\n",
      " 3.99951122e-01 2.23189500e-08]\n",
      "[2.22104571e-08 1.99975572e-01 4.00016247e-01 3.35763938e-08\n",
      " 4.00008113e-01 1.12574438e-08]\n",
      "[1.11921313e-08 2.00004062e-01 3.99979640e-01 1.68100581e-08\n",
      " 4.00016264e-01 5.55261428e-09]\n",
      "[5.60335270e-09 2.00008135e-01 4.00012200e-01 8.35064710e-09\n",
      " 3.99979649e-01 2.79803282e-09]\n",
      "[2.78354903e-09 1.99989826e-01 3.99997962e-01 4.19887099e-09\n",
      " 4.00012204e-01 1.40083818e-09]\n",
      "[1.39962366e-09 2.00006103e-01 3.99995929e-01 2.09672543e-09\n",
      " 3.99997964e-01 6.95887258e-10]\n",
      "[6.98908478e-10 1.99998982e-01 4.00005085e-01 1.04579317e-09\n",
      " 3.99995930e-01 3.49905916e-10]\n",
      "[3.48597725e-10 1.99997965e-01 3.99996948e-01 5.24633036e-10\n",
      " 4.00005086e-01 1.74727120e-10]\n",
      "[1.74877679e-10 2.00002543e-01 4.00000508e-01 2.61876551e-10\n",
      " 3.99996948e-01 8.71494312e-11]\n",
      "[8.72921836e-11 1.99998474e-01 4.00001017e-01 1.30868851e-10\n",
      " 4.00000509e-01 4.37194196e-11]\n",
      "[4.36229503e-11 2.00000254e-01 3.99998728e-01 6.55424655e-11\n",
      " 4.00001017e-01 2.18230459e-11]\n",
      "[2.18474885e-11 2.00000509e-01 4.00000763e-01 3.27287835e-11\n",
      " 3.99998728e-01 1.09057376e-11]\n",
      "[1.09095945e-11 1.99999364e-01 3.99999873e-01 1.63676097e-11\n",
      " 4.00000763e-01 5.46187213e-12]\n",
      "[5.45586990e-12 2.00000381e-01 3.99999746e-01 8.18927075e-12\n",
      " 3.99999873e-01 2.72739862e-12]\n",
      "[2.72975692e-12 1.99999936e-01 4.00000318e-01 4.09136610e-12\n",
      " 3.99999746e-01 1.36396747e-12]\n",
      "[1.36378870e-12 1.99999873e-01 3.99999809e-01 2.04640670e-12\n",
      " 4.00000318e-01 6.82439229e-13]\n",
      "[6.82135568e-13 2.00000159e-01 4.00000032e-01 1.02338640e-12\n",
      " 3.99999809e-01 3.40947175e-13]\n",
      "[3.41128801e-13 1.99999905e-01 4.00000064e-01 5.11481067e-13\n",
      " 4.00000032e-01 1.70533892e-13]\n",
      "[1.70493689e-13 2.00000016e-01 3.99999921e-01 2.55816092e-13\n",
      " 4.00000064e-01 8.52822003e-14]\n",
      "[8.52720308e-14 2.00000032e-01 4.00000048e-01 1.27905623e-13\n",
      " 3.99999921e-01 4.26234222e-14]\n",
      "[4.26352075e-14 1.99999960e-01 3.99999992e-01 6.39414299e-14\n",
      " 4.00000048e-01 2.13180077e-14]\n",
      "[2.13138100e-14 2.00000024e-01 3.99999984e-01 3.19768096e-14\n",
      " 3.99999992e-01 1.06588019e-14]\n",
      "[1.06589365e-14 1.99999996e-01 4.00000020e-01 1.59872544e-14\n",
      " 3.99999984e-01 5.32845249e-15]\n",
      "[5.32908479e-15 1.99999992e-01 3.99999988e-01 7.99318662e-15\n",
      " 4.00000020e-01 2.66473413e-15]\n",
      "[2.66439554e-15 2.00000010e-01 4.00000002e-01 3.99700533e-15\n",
      " 3.99999988e-01 1.33227120e-15]\n",
      "[1.33233511e-15 1.99999994e-01 4.00000004e-01 1.99837008e-15\n",
      " 4.00000002e-01 6.66098885e-16]\n",
      "[6.66123361e-16 2.00000001e-01 3.99999995e-01 9.99182663e-16\n",
      " 4.00000004e-01 3.33083777e-16]\n",
      "[3.33060888e-16 2.00000002e-01 4.00000003e-01 4.99614618e-16\n",
      " 3.99999995e-01 1.66530840e-16]\n",
      "[1.66538206e-16 1.99999998e-01 4.00000000e-01 2.49796062e-16\n",
      " 4.00000003e-01 8.32652219e-17]\n",
      "[8.32653541e-17 2.00000001e-01 3.99999999e-01 1.24899773e-16\n",
      " 4.00000000e-01 4.16345515e-17]\n",
      "[4.16332578e-17 2.00000000e-01 4.00000001e-01 6.24508900e-17\n",
      " 3.99999999e-01 2.08163385e-17]\n",
      "[2.08169633e-17 2.00000000e-01 3.99999999e-01 3.12246530e-17\n",
      " 4.00000001e-01 1.04083144e-17]\n",
      "[1.04082177e-17 2.00000001e-01 4.00000000e-01 1.56125553e-17\n",
      " 3.99999999e-01 5.20424083e-18]\n",
      "[5.20418509e-18 2.00000000e-01 4.00000000e-01 7.80629525e-18\n",
      " 4.00000000e-01 2.60205441e-18]\n",
      "[2.60209842e-18 2.00000000e-01 4.00000000e-01 3.90310069e-18\n",
      " 4.00000000e-01 1.30104627e-18]\n",
      "[1.30103356e-18 2.00000000e-01 4.00000000e-01 1.95157088e-18\n",
      " 4.00000000e-01 6.50524604e-19]\n",
      "[6.50523626e-19 2.00000000e-01 4.00000000e-01 9.75782994e-19\n",
      " 4.00000000e-01 3.25258391e-19]\n",
      "[3.25260998e-19 2.00000000e-01 4.00000000e-01 4.87889297e-19\n",
      " 4.00000000e-01 1.62630906e-19]\n",
      "[1.62629766e-19 2.00000000e-01 4.00000000e-01 2.43946156e-19\n",
      " 4.00000000e-01 8.13152495e-20]\n",
      "[8.13153853e-20 2.00000000e-01 4.00000000e-01 1.21972691e-19\n",
      " 4.00000000e-01 4.06574414e-20]\n",
      "[4.06575636e-20 2.00000000e-01 4.00000000e-01 6.09862877e-20\n",
      " 4.00000000e-01 2.03288463e-20]\n",
      "[2.03287626e-20 2.00000000e-01 4.00000000e-01 3.04932372e-20\n",
      " 4.00000000e-01 1.01643909e-20]\n",
      "[1.01644124e-20 2.00000000e-01 4.00000000e-01 1.52465816e-20\n",
      " 4.00000000e-01 5.08219065e-21]\n",
      "[5.08219385e-21 2.00000000e-01 4.00000000e-01 7.62329375e-21\n",
      " 4.00000000e-01 2.54110310e-21]\n",
      "[2.54109792e-21 2.00000000e-01 4.00000000e-01 3.81165157e-21\n",
      " 4.00000000e-01 1.27054846e-21]\n",
      "[1.27055052e-21 2.00000000e-01 4.00000000e-01 1.90582294e-21\n",
      " 4.00000000e-01 6.35274479e-22]\n",
      "[6.35274314e-22 2.00000000e-01 4.00000000e-01 9.52912110e-22\n",
      " 4.00000000e-01 3.17637631e-22]\n",
      "[3.17637370e-22 2.00000000e-01 4.00000000e-01 4.76456209e-22\n",
      " 4.00000000e-01 1.58818579e-22]\n",
      "[1.58818736e-22 2.00000000e-01 4.00000000e-01 2.38227921e-22\n",
      " 4.00000000e-01 7.94093425e-23]\n",
      "[7.94093070e-23 2.00000000e-01 4.00000000e-01 1.19114027e-22\n",
      " 4.00000000e-01 3.97046841e-23]\n",
      "[3.97046755e-23 2.00000000e-01 4.00000000e-01 5.95570108e-23\n",
      " 4.00000000e-01 1.98523267e-23]\n",
      "[1.98523369e-23 2.00000000e-01 4.00000000e-01 2.97784956e-23\n",
      " 4.00000000e-01 9.92616888e-24]\n",
      "[9.92616521e-24 2.00000000e-01 4.00000000e-01 1.48892531e-23\n",
      " 4.00000000e-01 4.96308424e-24]\n",
      "[4.96308437e-24 2.00000000e-01 4.00000000e-01 7.44462554e-24\n",
      " 4.00000000e-01 2.48154130e-24]\n",
      "[2.48154185e-24 2.00000000e-01 4.00000000e-01 3.72231240e-24\n",
      " 4.00000000e-01 1.24077109e-24]\n",
      "[1.24077080e-24 2.00000000e-01 4.00000000e-01 1.86115655e-24\n",
      " 4.00000000e-01 6.20385462e-25]\n",
      "[6.20385518e-25 2.00000000e-01 4.00000000e-01 9.30578161e-25\n",
      " 4.00000000e-01 3.10192700e-25]\n",
      "[3.10192720e-25 2.00000000e-01 4.00000000e-01 4.65289079e-25\n",
      " 4.00000000e-01 1.55096380e-25]\n",
      "[1.55096360e-25 2.00000000e-01 4.00000000e-01 2.32644560e-25\n",
      " 4.00000000e-01 7.75481801e-26]\n",
      "[7.75481865e-26 2.00000000e-01 4.00000000e-01 1.16322270e-25\n",
      " 4.00000000e-01 3.87740899e-26]\n",
      "[3.87740900e-26 2.00000000e-01 4.00000000e-01 5.81611366e-26\n",
      " 4.00000000e-01 1.93870466e-26]\n",
      "[1.93870455e-26 2.00000000e-01 4.00000000e-01 2.90805691e-26\n",
      " 4.00000000e-01 9.69352250e-27]\n",
      "[9.69352305e-27 2.00000000e-01 4.00000000e-01 1.45402839e-26\n",
      " 4.00000000e-01 4.84676138e-27]\n",
      "[4.84676129e-27 2.00000000e-01 4.00000000e-01 7.27014214e-27\n",
      " 4.00000000e-01 2.42338076e-27]\n",
      "[2.42338071e-27 2.00000000e-01 4.00000000e-01 3.63507109e-27\n",
      " 4.00000000e-01 1.21169032e-27]\n",
      "[1.21169036e-27 2.00000000e-01 4.00000000e-01 1.81753550e-27\n",
      " 4.00000000e-01 6.05845179e-28]\n",
      "[6.05845167e-28 2.00000000e-01 4.00000000e-01 9.08767769e-28\n",
      " 4.00000000e-01 3.02922590e-28]\n",
      "[3.02922590e-28 2.00000000e-01 4.00000000e-01 4.54383882e-28\n",
      " 4.00000000e-01 1.51461292e-28]\n",
      "[1.51461294e-28 2.00000000e-01 4.00000000e-01 2.27191939e-28\n",
      " 4.00000000e-01 7.57306474e-29]\n",
      "[7.57306464e-29 2.00000000e-01 4.00000000e-01 1.13595971e-28\n",
      " 4.00000000e-01 3.78653235e-29]\n",
      "[3.78653236e-29 2.00000000e-01 4.00000000e-01 5.67979851e-29\n",
      " 4.00000000e-01 1.89326616e-29]\n",
      "[1.89326617e-29 2.00000000e-01 4.00000000e-01 2.83989925e-29\n",
      " 4.00000000e-01 9.46633091e-30]\n",
      "[9.46633084e-30 2.00000000e-01 4.00000000e-01 1.41994963e-29\n",
      " 4.00000000e-01 4.73316543e-30]\n",
      "[4.73316545e-30 2.00000000e-01 4.00000000e-01 7.09974814e-30\n",
      " 4.00000000e-01 2.36658271e-30]\n",
      "[2.36658271e-30 2.00000000e-01 4.00000000e-01 3.54987407e-30\n",
      " 4.00000000e-01 1.18329136e-30]\n",
      "[1.18329136e-30 2.00000000e-01 4.00000000e-01 1.77493704e-30\n",
      " 4.00000000e-01 5.91645678e-31]\n",
      "[5.91645680e-31 2.00000000e-01 4.00000000e-01 8.87468517e-31\n",
      " 4.00000000e-01 2.95822839e-31]\n",
      "[2.95822839e-31 2.00000000e-01 4.00000000e-01 4.43734259e-31\n",
      " 4.00000000e-01 1.47911420e-31]\n",
      "[1.47911420e-31 2.00000000e-01 4.00000000e-01 2.21867130e-31\n",
      " 4.00000000e-01 7.39557098e-32]\n"
     ]
    }
   ],
   "source": [
    "w = b\n",
    "for i in range(100):\n",
    "    w = np.dot(a,w)\n",
    "    print(w)"
   ]
  },
  {
   "cell_type": "code",
   "execution_count": 96,
   "metadata": {},
   "outputs": [],
   "source": [
    "# 迭代100次仍未收敛"
   ]
  },
  {
   "cell_type": "markdown",
   "metadata": {},
   "source": [
    "#### 随机浏览模型"
   ]
  },
  {
   "cell_type": "code",
   "execution_count": 97,
   "metadata": {},
   "outputs": [
    {
     "name": "stdout",
     "output_type": "stream",
     "text": [
      "[0.025 0.195 0.365 0.025 0.365 0.025]\n",
      "[0.03208333 0.1854375  0.35295833 0.0515625  0.34764583 0.0303125 ]\n",
      "[0.03960938 0.17956719 0.34498073 0.05758333 0.34644167 0.03181771]\n",
      "[0.04131528 0.1806547  0.3411851  0.06046204 0.34296589 0.03341699]\n",
      "[0.04213091 0.17954    0.34144791 0.06218394 0.34091774 0.0337795 ]\n",
      "[0.04261878 0.17884286 0.34011782 0.06266539 0.34180233 0.03395282]\n",
      "[0.04275519 0.17932248 0.34003761 0.06291639 0.34091183 0.03405649]\n",
      "[0.04282631 0.17897301 0.34013795 0.0630335  0.34094376 0.03408548]\n",
      "[0.04285949 0.17900169 0.33988765 0.06307325 0.34107734 0.03410059]\n",
      "[0.04287075 0.17906551 0.33998006 0.06309314 0.34088289 0.03410764]\n",
      "[0.04287639 0.17898527 0.3399573  0.06310153 0.34096947 0.03411004]\n",
      "[0.04287877 0.17902326 0.33992827 0.06310476 0.34095371 0.03411123]\n",
      "[0.04287968 0.17901706 0.33995478 0.06310629 0.34093045 0.03411174]\n",
      "[0.04288011 0.17900737 0.33994006 0.06310691 0.34095361 0.03411193]\n",
      "[0.04288029 0.17901731 0.33994184 0.06310717 0.34094137 0.03411202]\n",
      "[0.04288036 0.17901214 0.33994516 0.06310728 0.34094299 0.03411206]\n",
      "[0.0428804  0.17901285 0.33994149 0.06310733 0.34094586 0.03411208]\n",
      "[0.04288041 0.17901407 0.33994332 0.06310735 0.34094276 0.03411208]\n",
      "[0.04288042 0.17901276 0.33994305 0.06310736 0.34094433 0.03411209]\n",
      "[0.04288042 0.17901343 0.3399426  0.06310736 0.3409441  0.03411209]\n",
      "[0.04288042 0.17901333 0.33994308 0.06310736 0.34094372 0.03411209]\n",
      "[0.04288042 0.17901317 0.33994283 0.06310736 0.34094412 0.03411209]\n",
      "[0.04288042 0.17901334 0.33994287 0.06310736 0.34094392 0.03411209]\n",
      "[0.04288042 0.17901325 0.33994293 0.06310737 0.34094395 0.03411209]\n",
      "[0.04288042 0.17901327 0.33994286 0.06310737 0.340944   0.03411209]\n",
      "[0.04288042 0.17901329 0.33994289 0.06310737 0.34094394 0.03411209]\n",
      "[0.04288042 0.17901327 0.33994289 0.06310737 0.34094397 0.03411209]\n",
      "[0.04288042 0.17901328 0.33994288 0.06310737 0.34094397 0.03411209]\n",
      "[0.04288042 0.17901327 0.33994289 0.06310737 0.34094396 0.03411209]\n",
      "[0.04288042 0.17901327 0.33994289 0.06310737 0.34094397 0.03411209]\n",
      "[0.04288042 0.17901328 0.33994289 0.06310737 0.34094396 0.03411209]\n",
      "[0.04288042 0.17901327 0.33994289 0.06310737 0.34094396 0.03411209]\n",
      "[0.04288042 0.17901327 0.33994289 0.06310737 0.34094396 0.03411209]\n",
      "[0.04288042 0.17901327 0.33994289 0.06310737 0.34094396 0.03411209]\n",
      "[0.04288042 0.17901327 0.33994289 0.06310737 0.34094396 0.03411209]\n",
      "[0.04288042 0.17901327 0.33994289 0.06310737 0.34094396 0.03411209]\n",
      "[0.04288042 0.17901327 0.33994289 0.06310737 0.34094396 0.03411209]\n",
      "[0.04288042 0.17901327 0.33994289 0.06310737 0.34094396 0.03411209]\n",
      "[0.04288042 0.17901327 0.33994289 0.06310737 0.34094396 0.03411209]\n",
      "[0.04288042 0.17901327 0.33994289 0.06310737 0.34094396 0.03411209]\n",
      "[0.04288042 0.17901327 0.33994289 0.06310737 0.34094396 0.03411209]\n",
      "[0.04288042 0.17901327 0.33994289 0.06310737 0.34094396 0.03411209]\n",
      "[0.04288042 0.17901327 0.33994289 0.06310737 0.34094396 0.03411209]\n",
      "[0.04288042 0.17901327 0.33994289 0.06310737 0.34094396 0.03411209]\n",
      "[0.04288042 0.17901327 0.33994289 0.06310737 0.34094396 0.03411209]\n",
      "[0.04288042 0.17901327 0.33994289 0.06310737 0.34094396 0.03411209]\n",
      "[0.04288042 0.17901327 0.33994289 0.06310737 0.34094396 0.03411209]\n",
      "[0.04288042 0.17901327 0.33994289 0.06310737 0.34094396 0.03411209]\n",
      "[0.04288042 0.17901327 0.33994289 0.06310737 0.34094396 0.03411209]\n",
      "[0.04288042 0.17901327 0.33994289 0.06310737 0.34094396 0.03411209]\n",
      "[0.04288042 0.17901327 0.33994289 0.06310737 0.34094396 0.03411209]\n",
      "[0.04288042 0.17901327 0.33994289 0.06310737 0.34094396 0.03411209]\n",
      "[0.04288042 0.17901327 0.33994289 0.06310737 0.34094396 0.03411209]\n",
      "[0.04288042 0.17901327 0.33994289 0.06310737 0.34094396 0.03411209]\n",
      "[0.04288042 0.17901327 0.33994289 0.06310737 0.34094396 0.03411209]\n",
      "[0.04288042 0.17901327 0.33994289 0.06310737 0.34094396 0.03411209]\n",
      "[0.04288042 0.17901327 0.33994289 0.06310737 0.34094396 0.03411209]\n",
      "[0.04288042 0.17901327 0.33994289 0.06310737 0.34094396 0.03411209]\n",
      "[0.04288042 0.17901327 0.33994289 0.06310737 0.34094396 0.03411209]\n",
      "[0.04288042 0.17901327 0.33994289 0.06310737 0.34094396 0.03411209]\n",
      "[0.04288042 0.17901327 0.33994289 0.06310737 0.34094396 0.03411209]\n",
      "[0.04288042 0.17901327 0.33994289 0.06310737 0.34094396 0.03411209]\n",
      "[0.04288042 0.17901327 0.33994289 0.06310737 0.34094396 0.03411209]\n",
      "[0.04288042 0.17901327 0.33994289 0.06310737 0.34094396 0.03411209]\n",
      "[0.04288042 0.17901327 0.33994289 0.06310737 0.34094396 0.03411209]\n",
      "[0.04288042 0.17901327 0.33994289 0.06310737 0.34094396 0.03411209]\n",
      "[0.04288042 0.17901327 0.33994289 0.06310737 0.34094396 0.03411209]\n",
      "[0.04288042 0.17901327 0.33994289 0.06310737 0.34094396 0.03411209]\n",
      "[0.04288042 0.17901327 0.33994289 0.06310737 0.34094396 0.03411209]\n",
      "[0.04288042 0.17901327 0.33994289 0.06310737 0.34094396 0.03411209]\n",
      "[0.04288042 0.17901327 0.33994289 0.06310737 0.34094396 0.03411209]\n",
      "[0.04288042 0.17901327 0.33994289 0.06310737 0.34094396 0.03411209]\n",
      "[0.04288042 0.17901327 0.33994289 0.06310737 0.34094396 0.03411209]\n",
      "[0.04288042 0.17901327 0.33994289 0.06310737 0.34094396 0.03411209]\n",
      "[0.04288042 0.17901327 0.33994289 0.06310737 0.34094396 0.03411209]\n",
      "[0.04288042 0.17901327 0.33994289 0.06310737 0.34094396 0.03411209]\n",
      "[0.04288042 0.17901327 0.33994289 0.06310737 0.34094396 0.03411209]\n",
      "[0.04288042 0.17901327 0.33994289 0.06310737 0.34094396 0.03411209]\n",
      "[0.04288042 0.17901327 0.33994289 0.06310737 0.34094396 0.03411209]\n",
      "[0.04288042 0.17901327 0.33994289 0.06310737 0.34094396 0.03411209]\n",
      "[0.04288042 0.17901327 0.33994289 0.06310737 0.34094396 0.03411209]\n",
      "[0.04288042 0.17901327 0.33994289 0.06310737 0.34094396 0.03411209]\n",
      "[0.04288042 0.17901327 0.33994289 0.06310737 0.34094396 0.03411209]\n",
      "[0.04288042 0.17901327 0.33994289 0.06310737 0.34094396 0.03411209]\n",
      "[0.04288042 0.17901327 0.33994289 0.06310737 0.34094396 0.03411209]\n",
      "[0.04288042 0.17901327 0.33994289 0.06310737 0.34094396 0.03411209]\n",
      "[0.04288042 0.17901327 0.33994289 0.06310737 0.34094396 0.03411209]\n",
      "[0.04288042 0.17901327 0.33994289 0.06310737 0.34094396 0.03411209]\n",
      "[0.04288042 0.17901327 0.33994289 0.06310737 0.34094396 0.03411209]\n",
      "[0.04288042 0.17901327 0.33994289 0.06310737 0.34094396 0.03411209]\n",
      "[0.04288042 0.17901327 0.33994289 0.06310737 0.34094396 0.03411209]\n",
      "[0.04288042 0.17901327 0.33994289 0.06310737 0.34094396 0.03411209]\n",
      "[0.04288042 0.17901327 0.33994289 0.06310737 0.34094396 0.03411209]\n",
      "[0.04288042 0.17901327 0.33994289 0.06310737 0.34094396 0.03411209]\n",
      "[0.04288042 0.17901327 0.33994289 0.06310737 0.34094396 0.03411209]\n",
      "[0.04288042 0.17901327 0.33994289 0.06310737 0.34094396 0.03411209]\n",
      "[0.04288042 0.17901327 0.33994289 0.06310737 0.34094396 0.03411209]\n",
      "[0.04288042 0.17901327 0.33994289 0.06310737 0.34094396 0.03411209]\n",
      "[0.04288042 0.17901327 0.33994289 0.06310737 0.34094396 0.03411209]\n",
      "[0.04288042 0.17901327 0.33994289 0.06310737 0.34094396 0.03411209]\n"
     ]
    }
   ],
   "source": [
    "def random_work(a,w,d,epochs=100):\n",
    "    for i in range(epochs):\n",
    "        w = (1-d)/len(a) + d*np.dot(a,w)\n",
    "        print(w)\n",
    "\n",
    "random_work(a,w,0.85)"
   ]
  },
  {
   "cell_type": "code",
   "execution_count": 98,
   "metadata": {},
   "outputs": [],
   "source": [
    "# 迭代100次已收敛"
   ]
  },
  {
   "cell_type": "markdown",
   "metadata": {},
   "source": [
    "##### 用networkx检验"
   ]
  },
  {
   "cell_type": "code",
   "execution_count": 128,
   "metadata": {},
   "outputs": [],
   "source": [
    "import networkx as nx\n",
    "\n",
    "# 创建图\n",
    "G = nx.DiGraph()\n",
    "edges = [('A','B'), ('A','D'), ('A','E'), ('A','F'), ('B','C'), ('C','E'),\n",
    "        ('D','A'), ('D','C'), ('D','E'), ('E','B'), ('E','C'), ('F','D')]\n",
    "G.add_edges_from(edges)"
   ]
  },
  {
   "cell_type": "code",
   "execution_count": 137,
   "metadata": {},
   "outputs": [
    {
     "name": "stdout",
     "output_type": "stream",
     "text": [
      "随机浏览模型PR值： {'A': 0.04288042051996868, 'B': 0.17901275990207988, 'D': 0.0631073657542518, 'E': 0.3409441105134389, 'F': 0.034112089475917554, 'C': 0.3399432538343432}\n"
     ]
    }
   ],
   "source": [
    "# 计算随机浏览模型的PR值\n",
    "random_pr = nx.pagerank(G,alpha=0.85)\n",
    "print('随机浏览模型PR值：', random_pr)"
   ]
  },
  {
   "cell_type": "code",
   "execution_count": 138,
   "metadata": {},
   "outputs": [
    {
     "data": {
      "text/plain": [
       "[857.6084103993736,\n",
       " 3580.2551980415974,\n",
       " 1262.1473150850359,\n",
       " 6818.882210268778,\n",
       " 682.2417895183511,\n",
       " 6798.865076686864]"
      ]
     },
     "execution_count": 138,
     "metadata": {},
     "output_type": "execute_result"
    }
   ],
   "source": [
    "nodesize = [random_pr[node]*20000 for node in G.nodes()]\n",
    "nodesize"
   ]
  },
  {
   "cell_type": "code",
   "execution_count": 148,
   "metadata": {},
   "outputs": [
    {
     "data": {
